max 398
min 0
layer 0
5.421885025905198,-1.0520887233286615,3.311524261987358,2.1836853445977535,2.3932764221020077,-2.586194342356721,1.3110709267526446,-1.5385256434813694,-0.430944199382271,3.4283445481292283,2.32006742230621,1.883061333129222,0.735014265033308,-0.620310992217585,-0.5532314417990921,-2.210391633723504,2.88262040200868,1.8543973617314513,-2.1169258999141594,-4.9628607045972775,-3.4822330320524424,1.5450695522348683,3.676289394867863,-1.265386062878715,2.236419728318304,-1.567504620268614,-0.7995324000006304,-1.5949581847512349,1.5013171614927734,1.364620173036707,-0.9092004916938835,-1.3038541816520364,-1.2343711197051161
-2.1640761928582335,-0.3400903377468976,0.06329307186645783,1.298476058003857,1.0813854480283398,-0.270351723877501,-0.33650795359841734,-1.0008183483393078,-1.4056138414238335,-1.8793272528923193,1.798447190137415,-0.655874153617093,-0.41928599217504964,-1.2999689162815362,0.7494118373451727,-1.631224555102859,-0.1870026780572624,-0.8924424065393004,0.4521149869696318,-0.4550612545070689,-0.9200431924090718,-0.028102282597583635,0.2965431330088774,0.13331787307505008,0.19839361165900107,-0.5568490195721632,-0.29991114770543137,-0.6166756650048316,-0.3763996033778129,-0.8360674129246872,-1.7793575572824898,0.17622507154390624,-0.40527202537486245
-5.324275271765328,1.4912657279108397,-3.131478948348278,0.3369528575298863,-0.01925787969758843,1.8195049283779552,0.7756678355186382,-0.26653429512582505,0.631690430683976,-3.220797051820243,-3.267439796322843,-1.6409904093688357,-0.14189224921404409,0.34933635542617403,-0.5521317830380721,2.788654836929036,-0.1757514936686559,-3.0749309225179,3.606504145839634,5.226016061518621,3.4863213247889333,-0.8377309357881579,-3.309021615788208,2.0106936928036343,-0.7835726259192042,1.6863119243968865,1.2906352996115538,1.9264932616423844,0.6062089541611883,0.6443836604641345,0.7096055521104432,3.148031575262343,0.3111975373702958
0.5133668796045688,1.8528834741130238,-1.287094725121034,-1.2743475595729712,0.9975146224881658,-1.2259678744852691,1.9481069494504428,-0.4413097918482264,-0.7549542488277374,2.0054306143460283,1.531038241028221,1.897765238730629,0.9055053222392818,-0.8785260352724059,1.9100930821405209,-0.3210726920997719,0.8391851890617182,0.9843030931434411,-0.2141695397724614,0.5003045981559431,0.8558800576359082,0.3968349193990418,-1.014708941014547,0.27303828731733876,1.342474351521224,-0.7102972599501599,-0.16332383818369736,-0.4821022530655124,1.8705195050565024,0.6714159492613012,0.3907051959351927,-0.811485224110359,0.5332804648548938
-2.7242703839168,0.23361449077442098,-1.8228207001426762,1.319925444934893,-0.6886989972551508,1.15223572876921,0.029376475941411156,-0.5379363866923432,-1.3070879786771203,-1.5023943605884524,-1.535063014031184,-0.8733076831397169,2.5744138790236057,0.611015838076562,-1.1380044505585003,1.302783033998898,-1.2716639935441154,-0.7177351438871171,0.8926506411876937,2.616192763798685,2.0322916640644597,-0.9488634561779017,-1.6383043571219307,0.12591898243866467,0.0800898168294331,-0.26473049079007777,-0.4180581191964716,0.2602801527802188,-0.629719199584549,1.713965511009533,0.6208782387803191,0.3525753873344691,-1.2150210383589732
layer 1
0.8559018395382164,-0.8475906390889187,-1.6205962178374616,1.2466484955535901,0.6281081078868025,2.4662017179463556,0.2659598582108175,1.7517487488109544,-1.2436670040337503,-3.7342752842552094,0.6557388889551993,-0.9134238375195843,-0.2970196520659058,-0.43805840116023226,-0.08876889643142495,-0.46818319326485025,-0.063026541745823,-1.338254159635499,-4.101171148837904,-0.1863769023812071,-3.3483915634939474,-1.4440317793587987,-0.9341017238203099,-2.920977855242796,3.51874559885729,-1.3044711324810556,0.9457701736408053,-0.04715428500280349,-1.14885318909769,0.5121239322284495,0.08396288609948158,1.0877161758898068,2.0444777310549838
2.1596199836411807,1.4018564921478884,-0.30929564448454266,-0.28987175533989273,0.9258222139382506,0.3936651446748403,0.6994514923275647,-1.6610722946905743,0.29679003923726466,-0.3297411353882411,0.2825818942268026,-0.10993631976833344,0.7176637163859413,0.3328471033078031,0.714973029041253,-0.5684991940273146,-1.228811147921511,-0.1765253753197064,0.49098035903969833,0.5141379499830508,2.491987762630478,0.041313308057498915,-0.7042601781619039,-0.0633286555635302,-1.0494234704231271,0.3775299516874191,-1.5634916839600046,0.06164514959758188,0.16850413999471092,0.2343058014130031,-0.6421701562497987,-0.39834978458350945,-1.960459451590122
-0.4877529938210306,-0.42674952081446355,0.38285817138412914,-1.138899065127145,0.9187654974428701,2.3724903409773614,-2.086064327056783,0.9464083937431572,0.40485115014785583,-2.2590358133248416,-0.4124630526052185,-0.20114710227706695,-0.12280185509309381,-0.29071581690178155,-1.7686995194739237,1.037147860483038,1.8354925957855617,-1.16507751317684,-2.4699575976186723,0.05211241076313555,-1.6296020222738719,-0.04196440845590663,-0.8703920272749827,-0.6323959863176144,1.7009684513745111,-0.7782192756562348,-0.9710115103446233,-1.5882539128938145,0.6277594722265188,-1.1950604281139225,-0.35433384177860816,-0.4512011852106649,0.5370043725856123
-1.9389564468404485,0.3162044324959973,0.58325898774571,0.016393630858572778,-0.4192675411660255,0.1783143234372918,0.47508975339537296,-2.6219989524263605,2.283784370359946,0.011675319391483236,-0.658573006798108,-0.4346694607580418,0.3500187748190604,-0.07794942306958977,-2.145807341373298,1.921150757988678,-0.166404072503658,1.2059702177609213,-0.45979668841643423,1.4811158878064077,0.02828841512963464,0.6649113766636645,-0.9190095496009747,0.8552663463733302,0.3070653265769806,1.19527795950148,-0.430740549332125,-0.48649430609515654,2.333025332160679,-1.0547016999108942,-0.10860609102108575,1.0134373883192107,-0.3631405545246585
0.5816150550551347,-0.27482244359930347,0.3954118314792264,-1.3551703763787117,1.5814407511852628,0.20055405894406997,-0.6445885551444536,0.9182800030852315,-0.27950008978067925,-2.0540710429458056,-1.354522512740764,0.6471189336845451,-0.20094010542488197,-0.10060279768371248,0.9679390960925643,-1.256529779710387,-0.5400709605296529,-0.3170775175159457,-0.003069862982241158,-0.19454812255133694,-0.778579677212371,-0.06300639336880141,-0.15876910581529885,-1.3531030131587216,-0.811578027929655,0.1782090348255271,-0.648425326557148,-1.1621916555300813,-0.28586258047378493,-0.1550802793230289,2.3247765994988843,-0.7628819979275795,0.7844667648065567
0.7394424743721232,-1.1778903867651203,0.8560479868607788,-1.2665847994873292,-2.880647720561983,-0.16763875570712922,-1.6738418251172442,0.1423284444751978,-0.24280826039499853,2.8087215385005067,1.0798411445433067,-0.42519390113899286,-1.0205482021697116,-1.2026540528800773,-0.48702286715202486,-0.3559138314404764,-0.9360626307573957,0.5654229345798513,1.5078049463806447,0.7238063371878709,-0.02373289136576349,-1.2642422175163144,1.8319899406525888,0.2102451992809281,-1.7544276333042013,-0.6383588006230883,-2.065751669497274,-0.4769028888082755,-0.47137653903158083,0.6271646066934033,0.5736566626729184,-0.21690782251229107,0.12036648949013308
0.3374348811930863,0.09556317870134624,0.20469350902581024,-0.24228923707351188,-0.5051851105776113,-0.15996564574948638,-1.0758972088231609,0.4231932365929646,-0.7279969198863098,0.5034930005062028,-0.253278549485983,0.0178771603079947,0.39932773019434803,0.6741706575870225,-1.6612420200611078,-0.3226567910518213,0.8966214639828946,-1.5321655899886637,0.5741170427055151,-2.292070320377362,-1.2575593045669373,0.09271344284880051,-1.5607659393670381,-1.3032197019293217,-1.7402913929974668,1.5555322717924596,0.326433497083777,0.5633861218399346,-0.1986794002038354,-0.35011898123971114,-1.5747207980339986,-0.383861005124918,-1.0781667587437274
0.8571201503799795,1.1590108491209603,1.4891818851191103,0.830018118140481,-0.6558020534392885,-1.2372295264415063,0.7914725986579645,0.34378106635357114,-1.694936819423466,0.5110077190955667,0.8156895436475339,0.05216001008378478,-0.27630898958516725,-0.8049941118046569,-1.4859999491206564,0.7453710083958736,-0.3978538813153186,-0.19446916135447237,1.843133174723205,0.719049659357083,0.46396205224352727,0.1461918922678026,1.5567447398174126,1.8347724869688729,0.7552963823912154,0.5194582262295006,-2.1143528627049144,0.12320724831564261,-0.1275422219655237,0.09373980176828242,0.9104389373167957,-2.8003688395902175,-0.7523072001972331
0.2678959040523986,-0.4508066711405234,-1.397755700620121,0.84783600151181,0.2174120350861095,-1.1022880019731864,0.3347981446600234,0.7745825602080983,0.1258314325963114,0.9630535798212623,0.07976909883860975,-0.3930366287846111,-1.234183328438637,-0.07937997578331273,0.17508314266956063,0.8461534430501069,-0.22075990685035132,0.561896984898468,-0.7547362277037543,-0.7152975272875666,-0.00922402637030686,-1.0129584332167196,0.9234459773547068,0.5808125526164538,0.025623516039907614,0.30610173211144814,1.99624382105551,-0.46912293949993883,-2.196592881745839,0.2010600261820794,-0.06846248843594721,-0.5730538003824615,-1.1740762203969703
-0.437625935865221,0.27955964003293476,-0.5339194825168249,2.3991643011433763,-0.8711302346901589,-0.11099565533189681,-2.3028040490244974,0.6792356161447201,-2.1891475625355623,-1.9232999056020457,-0.2870843004123005,-0.7570227220517821,1.869439663098904,1.017087840535125,1.2296572420702936,-0.9776989561702398,1.804492896421978,0.27713425421149535,-0.055614201802443475,0.6772318856193883,-1.8109664144431288,-0.551045648983629,0.4212758458112589,-3.800693565207895,2.2770966704601556,0.4829069496437521,0.3045486138885524,0.2164531918943871,-1.009117660016958,-0.3506163137304796,1.2401454305474786,1.414200622606416,3.1621831331038917
-0.07408599069062502,-0.5667457124736757,-0.5395631894601591,-1.041477949904456,-0.03502621338857987,0.8674877175436013,-0.04348688585641386,1.4278667164415029,-0.3495009813971962,-1.5077257164018896,-0.5910206022044301,-1.6724111260824268,-1.5302076322040243,-1.1593758254239812,1.1999282785112706,0.7642737805366256,1.9245022308865125,-1.503007104601286,-2.6062674119731826,-0.9391353859775818,-0.5672261357023173,0.37854154818539826,0.6698394902117879,-0.6733870897650881,2.2684913873198442,-0.33157037307810533,-0.6548144100939056,-1.6846602880036803,-0.8692855568963072,0.24126551206356037,-0.7975528060117245,1.0004871624105816,1.7140668591502104
-2.368381589139005,0.9842615976085191,-2.2404659765871635,0.375802169229815,1.2172217861868122,0.5747673492164342,-1.2697532969222045,-0.208545820251445,-0.2877847144067736,-1.2212719767456408,-0.2130067623975239,-0.16740184321608137,0.2309316279464104,-1.186285426657647,-0.36267395600523983,1.3707498203088841,0.050328339209390956,-0.5761898347026693,0.5628556561909918,-2.8359401450922626,0.4896518296732416,-0.7353188040032266,-0.1325701244540012,-0.7817017040874841,1.3854696802135353,-0.38486561628011007,-0.38779359048542916,1.293201213427283,-2.3435949328075556,0.01825561550228312,-1.2647313614979807,-0.7464290395050796,2.1615237932358378
-0.05002965958064774,0.31346170315410565,-1.7119276272069297,-0.816140112470406,0.020844817298874916,0.22314143577842424,0.7012187870710316,0.07404238696033077,0.8986915344633537,0.38970165226827125,-1.8306237375094578,0.010992552293421196,0.5446717904011836,0.6259934684876297,-0.49333740483918537,-0.978082316746714,-1.2263825785282256,0.12585685201707253,1.5067769448137898,-1.902084696558147,-0.7255328851677978,-1.0583831879201597,0.9530611470132396,-0.6704125743462178,-1.0429439486097845,-0.38210968965482345,0.5554544001925517,-0.39624048014014207,-3.017995793200999,0.5484522486280442,0.43800831876245355,-0.3829500802282824,-1.6432002590148638
0.34751966359051856,0.47231573989321207,-0.4159638621475085,-0.28609570744912505,-1.0943582580563425,-0.3494233351925695,-1.4925485073064353,0.45075998951437957,-0.6321648332102139,0.32727054783703613,-1.4056751587857952,-0.6097191933588031,-0.3186539771931475,-1.6372577529160146,0.009291201496826435,-0.5239408936917316,-1.8680742310040341,-1.0928336862599255,0.9629352924506679,0.9654066103980635,-0.0892789669520085,0.4645146999238125,0.38707396779372794,0.35806746379105114,0.7863532403633944,-1.6528919061878642,0.7135944549469251,-0.3845141746832798,-0.20435925485406972,-0.2991791848111959,-0.40434419741287636,-1.3725160851938463,-0.2936395846265171
1.6719874242793418,-0.007547941364915536,0.01761613885097398,-0.695284412095627,-0.15534092039079556,0.5569880983167739,-0.349408074436131,-0.33203728227943086,0.410838329497692,-1.018080503155204,0.2502921389671489,0.7916106214172591,1.3024081231979976,-0.08749762089205954,1.3005443542155641,0.938861711817661,-0.9377712312280573,-1.28018113463357,-0.43567357968477294,0.9560980312045483,-0.1772634335973214,-0.6536216082833375,1.4558775924998968,0.16893847023336483,-2.225589030144586,0.23700530020073388,0.5939430497752206,0.22381904378832407,0.45298551937357023,-0.07126313675132852,-1.325037350090312,-0.41064584999700776,-1.0067340766772772
-0.9395932652302355,-1.1747989473395246,0.5437751222661091,0.010370633504073305,-0.7385900983144725,-1.1964177854082547,0.06259075195388526,0.9309491916049535,-1.4467915990702884,1.1847723722273766,-0.5401790647071248,-1.8929576669738397,-2.2904700401065194,-0.8901939755476279,0.11684022906824983,0.24359785689789493,-1.4631170932101858,1.4414756314698194,2.366712542698854,0.6697559091066233,-0.09867275873835646,1.2784714769760157,1.2354300870683215,1.4633009522706508,-1.7404829574620284,-2.99231153540646,2.0081765560686855,-1.6126356420458963,-0.0174410125001324,2.385741059113473,0.22733270903918446,0.6776407548073767,-2.4232127934986654
-1.7722632229860578,-0.4301374702481229,1.0970624764343049,-0.3230529776267061,-0.7267047809971182,0.8515028603209595,1.0994128103865781,-1.0690361839742624,-1.3187045531449288,-1.7914806515853092,1.0857432502325064,0.17940051566432344,2.2747539161844292,0.9549015104944273,-0.08881929534424741,1.2027397210848618,0.6364708616924909,-0.8754471464437378,0.1494866525818849,-1.0009234305768704,-0.9720878965857056,1.2572491960473313,-0.3749756917072546,-1.6471977463269356,0.13682776777545763,1.018079196306223,-0.21171930457408716,-0.3914119337460291,-0.4976431498749506,0.1784453631107971,-0.24969862215971678,-1.523335934805711,-0.5787808894582238
-0.9311046066387084,1.316842985104033,0.7976826481425705,0.5754002245949392,-0.40899480242451086,-0.3261310032343953,-0.5022387582824474,-0.7377606809776033,2.34708909157797,-3.2565562270226747,0.5548099511471901,-1.318513585240932,-0.01947716156063709,-0.9714903860846437,-1.2518723663794082,-1.239362175200847,2.244367857099195,-0.33878138978710504,-1.3925818886311072,0.26421823642009024,-0.643137980243677,0.6077323384506141,-2.17889213009497,-0.525197836345811,1.3359972743386,-1.7314192051857573,0.7143296405912741,1.6927469357697003,0.0006499158970758777,0.8197543890783977,0.7722021860941637,-0.6141937295278397,0.3675194030936861
-1.5737034699197123,-0.4042079048977448,0.362882203200881,0.6485231134406316,-0.25974958572693385,0.038783391336959815,-1.0121484229134963,-0.36682254615101845,0.5601908658680261,2.948937966548205,-0.20407775393722902,-0.4887945680275404,-0.30471528654361585,-0.9014333657034029,0.13790086075033886,-0.4469480764068056,-2.4462541434787957,0.4163413622280478,0.7713694698370646,-1.263709190436031,0.6201194250015711,1.6941061069380317,1.081267382536632,1.4521932585953756,-2.5417195209534125,0.3711168168326472,-0.026371147283611993,0.5288226662242963,0.4337271340864171,-1.3541014093306596,-0.15091964423675727,-1.0261676760479141,-0.9903861685561546
-0.9136825933584315,1.3055740370253457,-0.7120109886978151,-1.0509835718882734,-0.39915935955323023,-2.642064648700743,-0.2894478623682679,-1.5313944594348052,2.3626205914874894,3.2050748678777934,-0.03600099978394399,-0.33543518639215786,0.3020674436316017,0.42544634711355356,0.4400809621048101,-0.11475107338289006,-3.0137484457432375,0.7874768303949008,1.511458746968882,1.4498181269141528,2.5449642009064655,-0.28023170995117386,1.535352430926382,3.607284381349529,-3.0307780881233595,1.512475106534819,-1.3423089294500266,0.025411971884226912,0.0008829561184890269,0.02834709778848542,-1.1047957451247632,-1.0693208232047373,-2.398451978858475
0.3185115573006735,0.3157061061721205,2.344031096784681,1.2986151880813164,-0.7873989114483051,-0.7231873657632303,1.1146781323389368,-0.47967432553797446,0.5244725894657555,1.8099389319591612,0.8847826972268282,-0.7984543808901675,-0.6968440758669459,0.48234135907032943,0.31356751614824147,0.2125381673722672,-1.2944534798037128,1.569642097750512,3.613282363264273,0.9556330650202168,0.9320207238211602,1.0497058363710963,0.21924919578560167,0.638799389976196,-1.5738918458689162,-2.6539227682583637,-1.4726870182273173,-0.3458905994373915,-1.3501502547243456,-1.0251225296874997,-0.5742635532093228,-1.9295456718005628,-1.5190245491322834
-0.532954481792946,0.10625318878497733,1.1626389940495534,0.16971806891370483,0.0474935667225785,0.4845906991633689,0.24604303345133488,-0.7578462888359583,-0.16171014863666527,-0.3798114906174007,-1.376624286065635,0.8288398787450367,1.129184124150152,-0.6162976995988593,-0.304689359977417,-0.9604196690435942,1.004694183441716,-1.163840811033337,-0.5692452750519948,-1.0571649448668292,-0.40936907259572924,-1.8492827876389484,1.1280094431382226,-1.5441802622225034,0.40095240255763104,-0.2660659983195325,-0.5385115614737634,-0.8909716956202257,0.9485923046251309,-0.5286511000272804,0.3511169016340166,-0.7654414086980793,-0.4919648114562566
0.4767492571862572,1.0478372129860485,-0.20954548670148812,-1.4149345985085169,2.1324398589037177,0.05086179708929997,-1.5557920609996443,3.1266370518993187,-0.6432251546356257,-3.112366463508893,-0.6991257438826188,0.30118313000260577,0.3883757882252782,-0.8281978375371348,1.7275751008770472,-0.6267930513932782,-0.4275589650658462,0.6376805646463934,0.3195101563086233,-1.2960370044776064,-2.4950908305104904,0.8590152636387861,-2.57895791433484,-2.5947885296726594,1.963371394284195,-0.1030159159603803,0.17906279894966814,0.3472739301605025,-0.13225661055480706,-1.3025342982963906,1.4448834474485965,1.4710091334284108,0.778987044157908
0.038230716518663936,2.349702568997474,-0.2136830765299995,-0.3249870489050377,0.188972680666002,0.8873143185587804,1.6553685333293098,-0.5256084904364577,0.7068404940822856,-0.5322002547444948,-0.3036469589864528,-0.8135265622263481,-1.2407879897141336,1.6965940920516311,-0.8111740428905184,-0.5633444188431239,-0.10113272091896168,1.6826190063285693,1.3017142193818474,3.0680373538225267,0.4706421537931416,0.4331552835300007,0.7099078426639049,2.0914917696866135,-0.4391143318661808,-0.1741127760097824,-1.1098735092536338,0.24510005427657322,1.411353266921247,-0.40271362138719313,0.45120572853793195,0.0739255488179528,0.1994290244498941
-0.8070340830072901,2.4748399557198235,-1.2465707129321024,-0.43088584925823264,0.854499444386438,0.5485091955552208,0.8776473554591343,-0.26864986284060716,0.15556941721674405,-0.6700039640526422,1.5608044395139702,0.643688457335543,0.7138455400536348,-0.6211943026093575,0.8465460361451966,0.0793302993624303,1.510172126465825,2.10980189803331,-0.329098077079287,-0.5486341233677319,-1.3235746851833625,-0.13917623871837967,-0.395795329793365,-0.2430766157713569,-0.2678575907269521,-0.4747054601419691,1.3020364075373094,-0.9432039550714078,0.4623864927704863,-0.4015884251580576,0.7769709019956572,1.3042075637271662,-0.5726371735750543
0.4354482047393732,0.17332398541437632,-0.7517504445738586,0.19733288335585034,0.14396447976559404,-0.10388020789860683,-0.15192702282554152,-0.1365877146467093,-0.8864163367265769,0.41460762289825465,0.565118462397749,0.9213697531198075,-0.6175182943578689,0.11040283292853129,0.2162840968229262,0.17259026050836843,0.20259975740830644,-1.5393929034571363,0.5608271889062654,0.5082701876991399,-0.5038932929138079,1.8011756780734536,0.46283819333107973,2.167867332574355,-1.493243876541755,-0.9697494052313881,0.0576944010795179,-1.6770623324591871,0.2184456295250003,0.10123149078556637,0.9456400246324644,0.5730854511461391,-0.8789888768092033
-1.1000317286971582,1.729366082487091,-0.7521127864305219,-1.0764882030995373,-1.1760604666041117,0.8646599328508707,-0.4772086906258194,-0.8402148128963133,0.31934085100975335,0.17902272450188456,-0.6742113590008302,0.7568530102678046,0.9386901797234798,0.9928784715580602,0.7407332490287367,0.36621645137315517,-1.9840476394382591,1.8300532167568333,0.643244568920424,0.7351317735268602,1.3524296668121953,1.5041515027307863,0.5941255953876261,0.7248588817068072,-1.007094599032749,-0.012102411341030803,-0.9019310637962774,-0.7201635577262405,-0.88879479025284,-0.15381866025477567,1.0110777857265105,3.080200431449218,-0.13463859057604283
-1.3546909476634839,1.2959831677249225,-0.23942751791127037,-0.726518058880073,0.002862707230036116,-1.759335045254184,0.2823142426789517,-0.3009860645304035,0.5088478510084393,1.0928266151174295,0.07381397088456668,0.031135358948050598,0.04533536745604672,0.4310063589228796,-1.0707649481283592,-1.492108594970282,-0.5176261868586378,-1.0681702505313873,0.9032374154789199,1.21185631757795,1.0746924275298728,-0.8952533821551054,-0.4449885817755409,0.8879889292031997,-1.3231712675927918,-0.40309284438785437,0.4512187290146722,-0.9873681832102469,-0.38955835313633724,-0.7936799147858884,-1.119814905576077,-1.0505114202541237,-0.016200211172725687
0.05485969282255931,-0.7745585670422711,-0.20201516807696196,-1.6425042381704713,-0.7473962612300177,2.5311282191148066,-0.05438462918529571,1.0042172928497763,-0.027101010883314607,-0.2686032159727084,0.6570451988492776,-1.1576148064725604,-0.020928396052310942,1.5980431167731663,-0.8736765829949242,-0.6644079067087493,-0.09267881863887964,0.22260455105295707,0.30459415293240755,1.0897567486408102,0.06962881912288561,-0.09120864112939465,1.1380618344102869,0.16593578768007503,-1.2752054351579196,2.4726455611521785,2.016627068283018,-0.17253322081311492,0.3918760610036982,1.320730071469406,-0.10247078055911406,0.7185319151252381,1.1129872301865469
-1.0199423148808515,-0.4814670878976439,0.9871373735554646,0.3768573647411465,0.7528968088353597,-0.22112087127785687,-0.20952032886171698,-1.9211762327863913,-0.7747495687229717,-0.08572269253275898,0.8227198117852317,0.5027531041785601,-0.3345656651362573,-0.23485153774053205,0.09182180423721692,-0.08687625567813849,1.3076667977949474,0.40056649943323214,-1.1186548319691239,-1.2378072260325317,1.4113815819865314,-1.0900996067251607,0.9327794660865267,-0.4368986312911457,-0.7176095936053233,-0.286874053434153,1.343322517333258,-0.19691071955389344,-0.004620282544790188,-1.525494883894914,0.2122529989591889,0.37251171108697106,-0.3034104967662846
1.3930700088946653,0.13571427321996693,0.3573568593960775,1.5798433610728113,-1.7380134767730477,-0.7327750989360537,1.4856686034009408,0.911516760504886,1.0110192052297315,1.1356483616542397,0.3293973905192265,1.6168835651719327,0.13685800262503217,0.2598338700702525,0.05740034403994834,0.049109288346723415,-1.3642640618137931,1.0105234007557338,0.3227810578749074,1.9485490524763625,0.09473353243865985,0.49304725752636164,0.4532387369447952,-0.43234910657152126,0.3914766430752511,1.754948140927178,-0.028943318066141633,-0.30233317339985266,-0.3382791414610974,-1.889537686934781,-0.23014983002974254,0.07977261892034666,0.5073577438353313
0.9530855279380569,-0.35782941998340106,-0.19599199068955095,1.049888480340253,-0.43539279221802146,-1.0604800376306813,1.467133960755292,0.828277127937319,0.5472691085919311,0.23915376281921638,-2.004931531950689,0.5954014128004266,-1.1809980484919702,-1.9408790296536458,1.5291087279981947,0.5686708135394634,-1.6763910431394566,-0.7589955362580618,1.839704329328546,-0.5653303303306071,1.8122179829036549,0.807012335871267,1.0490879491219645,1.026661603274565,-0.8842548396416241,0.7887592450751557,-0.5825084934760373,0.08514133975159398,0.7674360392962328,0.5698745561847488,-1.2785128127019443,-0.7415805955898084,-0.592012823131689
-0.4115029260732091,1.7772575227603928,-0.37215794099479815,-0.19285453795253557,0.6892022479817217,0.07148670968304215,-0.12435907977377772,-0.864288198219205,0.44121904720278343,1.3803857147853358,0.4830278619687851,-0.7650207169695504,1.6235982006306795,-1.4419780983458623,-1.601944314716354,0.9291386476822442,0.07583512903749445,-0.4097211836035597,-0.8152314190062416,2.447919344733971,0.33497734599499046,0.5888286857078378,0.45204158846807285,0.6959023005341419,0.17998192374496244,0.6811727161196132,-0.4552750994156381,-0.2909886630075233,-1.7372175998401072,-0.7776560969449617,0.23255787088982663,0.9740139100421888,0.3527445196365571
layer 2
-0.10102794699140967,-0.21837303373205616,-0.4723788626770409
-0.43664539237006283,0.5176777699910351,-2.1141569290870867
-0.583693226800413,-0.4731127295288173,0.26922045616869056
0.09066532855403162,0.059229245327607885,-0.1505713670346291
1.0630506536149837,-0.6578236998215026,-1.3549406599663716
1.214688998103462,1.6464557336052552,-3.9099813190449684
-0.0646722374810219,-0.47909009535024405,0.4819681684079574
1.4015372528551873,-1.008065547079181,-2.187028094460938
-1.7670846390541497,1.1492611175058622,0.189358405540141
-2.1855226190301082,-6.439591700051754,4.330111366541117
-0.20407545691395576,-0.20707798613254336,0.0482062407318398
-0.21221635208917314,0.01985338183579246,0.22697766662032245
0.15441690199837757,0.23118079002195127,-2.033153797499539
-0.32150479254551856,0.3088789147659364,-0.07998876730524848
-0.3493018776260199,0.2031448317048714,-0.21913628044748798
-0.5303785133876772,0.16146616087031065,-0.5710221261475144
1.9439937722590102,-3.3694357939916006,-0.6894518622214169
-2.2260564811520247,0.6620740911289917,0.4736351458144884
-4.277701702044738,3.9697401536133587,0.23789586803849033
-1.9200453009294502,-1.2168956229950423,1.513051681689951
-2.008869308214082,-3.6202999759063164,2.7768934411329473
-1.5643931549484345,0.011621402061253583,0.22064591648065654
-2.426173521132181,1.6373552667952056,0.08121935275879975
-2.3268161291340594,-4.9003778433218335,3.4830866884929215
3.914672838270977,-4.516470561471935,-2.7995206352436197
-0.47383959845153767,0.5815315488945593,-0.3966535462588507
0.6824378254903114,0.09074607760417538,-1.8436783263418883
-0.15131532875674275,-0.2587266026469737,0.25240692478191795
-0.2870028432941678,0.26746671397974336,-0.041443501725476256
-0.17847918192985046,0.12821930231475342,-0.14946727928451822
0.14889096302306518,0.004903169683299622,-1.3965597541279737
0.942888887081485,-0.6877310929941275,-1.2314817348562774
2.162778111975765,-3.2323220571089535,-1.6438033955285545
